(kicad_pcb (version 20171130) (host pcbnew "(5.1.6)-1")

  (general
    (thickness 1.6)
    (drawings 8)
    (tracks 413)
    (zones 0)
    (modules 130)
    (nets 142)
  )

  (page A4)
  (layers
    (0 F.Cu signal)
    (31 B.Cu signal)
    (32 B.Adhes user)
    (33 F.Adhes user)
    (34 B.Paste user)
    (35 F.Paste user)
    (36 B.SilkS user)
    (37 F.SilkS user)
    (38 B.Mask user)
    (39 F.Mask user)
    (40 Dwgs.User user)
    (41 Cmts.User user)
    (42 Eco1.User user)
    (43 Eco2.User user)
    (44 Edge.Cuts user)
    (45 Margin user)
    (46 B.CrtYd user)
    (47 F.CrtYd user)
    (48 B.Fab user)
    (49 F.Fab user)
  )

  (setup
    (last_trace_width 1)
    (user_trace_width 1)
    (user_trace_width 1)
    (user_trace_width 1)
    (trace_clearance 0.2)
    (zone_clearance 0.508)
    (zone_45_only no)
    (trace_min 0.2)
    (via_size 0.8)
    (via_drill 0.4)
    (via_min_size 0.4)
    (via_min_drill 0.3)
    (user_via 2 0.8)
    (user_via 2 0.8)
    (user_via 2 0.8)
    (uvia_size 0.3)
    (uvia_drill 0.1)
    (uvias_allowed no)
    (uvia_min_size 0.2)
    (uvia_min_drill 0.1)
    (edge_width 0.3)
    (segment_width 0.2)
    (pcb_text_width 0.3)
    (pcb_text_size 1.5 1.5)
    (mod_edge_width 0.12)
    (mod_text_size 1 1)
    (mod_text_width 0.15)
    (pad_size 2 2)
    (pad_drill 0.8)
    (pad_to_mask_clearance 0.05)
    (aux_axis_origin 0 0)
    (visible_elements 7FFFFFFF)
    (pcbplotparams
      (layerselection 0x010fc_ffffffff)
      (usegerberextensions false)
      (usegerberattributes true)
      (usegerberadvancedattributes true)
      (creategerberjobfile true)
      (excludeedgelayer true)
      (linewidth 0.100000)
      (plotframeref false)
      (viasonmask false)
      (mode 1)
      (useauxorigin false)
      (hpglpennumber 1)
      (hpglpenspeed 20)
      (hpglpendiameter 15.000000)
      (psnegative false)
      (psa4output false)
      (plotreference true)
      (plotvalue true)
      (plotinvisibletext false)
      (padsonsilk false)
      (subtractmaskfromsilk false)
      (outputformat 1)
      (mirror false)
      (drillshape 1)
      (scaleselection 1)
      (outputdirectory ""))
  )

  (net 0 "")
  (net 1 "Net-(D1-Pad2)")
  (net 2 /e_1)
  (net 3 "Net-(D2-Pad2)")
  (net 4 /c_1)
  (net 5 /d_1)
  (net 6 "Net-(D10-Pad1)")
  (net 7 /f_1)
  (net 8 "Net-(D11-Pad1)")
  (net 9 "Net-(D12-Pad1)")
  (net 10 /b_1)
  (net 11 "Net-(D13-Pad1)")
  (net 12 /g_1)
  (net 13 "Net-(D14-Pad1)")
  (net 14 /a_1)
  (net 15 "Net-(D15-Pad1)")
  (net 16 "Net-(D16-Pad1)")
  (net 17 "Net-(D10-Pad2)")
  (net 18 "Net-(D11-Pad2)")
  (net 19 "Net-(D12-Pad2)")
  (net 20 "Net-(D13-Pad2)")
  (net 21 "Net-(D14-Pad2)")
  (net 22 "Net-(D15-Pad2)")
  (net 23 "Net-(D16-Pad2)")
  (net 24 "Net-(D17-Pad2)")
  (net 25 "Net-(D18-Pad2)")
  (net 26 "Net-(D19-Pad2)")
  (net 27 "Net-(D20-Pad2)")
  (net 28 "Net-(D21-Pad2)")
  (net 29 "Net-(D22-Pad2)")
  (net 30 "Net-(D23-Pad2)")
  (net 31 "Net-(D24-Pad2)")
  (net 32 "Net-(D25-Pad2)")
  (net 33 "Net-(D26-Pad2)")
  (net 34 "Net-(D27-Pad2)")
  (net 35 "Net-(D28-Pad2)")
  (net 36 "Net-(D29-Pad2)")
  (net 37 "Net-(D30-Pad2)")
  (net 38 "Net-(D31-Pad2)")
  (net 39 "Net-(D32-Pad2)")
  (net 40 "Net-(D33-Pad2)")
  (net 41 "Net-(D34-Pad2)")
  (net 42 "Net-(D35-Pad2)")
  (net 43 VCC)
  (net 44 /B_D1)
  (net 45 /C_D1)
  (net 46 /D_D1)
  (net 47 /A_D1)
  (net 48 GND)
  (net 49 "Net-(D36-Pad2)")
  (net 50 "Net-(D36-Pad1)")
  (net 51 "Net-(D37-Pad1)")
  (net 52 "Net-(D38-Pad1)")
  (net 53 "Net-(D39-Pad1)")
  (net 54 /f_2)
  (net 55 "Net-(D41-Pad2)")
  (net 56 "Net-(D42-Pad2)")
  (net 57 "Net-(D43-Pad2)")
  (net 58 "Net-(D44-Pad2)")
  (net 59 "Net-(D45-Pad2)")
  (net 60 "Net-(D46-Pad2)")
  (net 61 /d_2)
  (net 62 "Net-(D47-Pad2)")
  (net 63 /a_2)
  (net 64 "Net-(D48-Pad2)")
  (net 65 "Net-(D49-Pad1)")
  (net 66 "Net-(D49-Pad2)")
  (net 67 "Net-(D50-Pad2)")
  (net 68 "Net-(D51-Pad1)")
  (net 69 "Net-(D52-Pad2)")
  (net 70 "Net-(D53-Pad2)")
  (net 71 "Net-(D54-Pad1)")
  (net 72 "Net-(D55-Pad2)")
  (net 73 "Net-(D56-Pad2)")
  (net 74 "Net-(D57-Pad2)")
  (net 75 "Net-(D58-Pad1)")
  (net 76 "Net-(D59-Pad2)")
  (net 77 /g_2)
  (net 78 /c_2)
  (net 79 "Net-(D61-Pad2)")
  (net 80 "Net-(D62-Pad2)")
  (net 81 "Net-(D63-Pad2)")
  (net 82 "Net-(D64-Pad2)")
  (net 83 "Net-(D65-Pad2)")
  (net 84 "Net-(D66-Pad2)")
  (net 85 "Net-(D66-Pad1)")
  (net 86 "Net-(D67-Pad1)")
  (net 87 "Net-(D68-Pad1)")
  (net 88 "Net-(D69-Pad1)")
  (net 89 /b_2)
  (net 90 /B_D2)
  (net 91 /e_2)
  (net 92 /C_D2)
  (net 93 /D_D2)
  (net 94 /A_D2)
  (net 95 "Net-(D71-Pad2)")
  (net 96 "Net-(D71-Pad1)")
  (net 97 "Net-(D72-Pad1)")
  (net 98 "Net-(D73-Pad1)")
  (net 99 "Net-(D74-Pad1)")
  (net 100 /e_3)
  (net 101 "Net-(D76-Pad2)")
  (net 102 /f_3)
  (net 103 "Net-(D77-Pad2)")
  (net 104 "Net-(D78-Pad2)")
  (net 105 "Net-(D79-Pad2)")
  (net 106 "Net-(D80-Pad2)")
  (net 107 "Net-(D81-Pad2)")
  (net 108 /d_3)
  (net 109 "Net-(D82-Pad2)")
  (net 110 /a_3)
  (net 111 "Net-(D83-Pad2)")
  (net 112 "Net-(D84-Pad1)")
  (net 113 "Net-(D84-Pad2)")
  (net 114 "Net-(D85-Pad2)")
  (net 115 "Net-(D86-Pad1)")
  (net 116 "Net-(D87-Pad2)")
  (net 117 "Net-(D88-Pad2)")
  (net 118 "Net-(D89-Pad1)")
  (net 119 "Net-(D90-Pad2)")
  (net 120 "Net-(D91-Pad2)")
  (net 121 "Net-(D92-Pad2)")
  (net 122 "Net-(D93-Pad1)")
  (net 123 "Net-(D94-Pad2)")
  (net 124 /g_3)
  (net 125 /c_3)
  (net 126 "Net-(D96-Pad2)")
  (net 127 "Net-(D97-Pad2)")
  (net 128 "Net-(D98-Pad2)")
  (net 129 "Net-(D100-Pad1)")
  (net 130 "Net-(D100-Pad2)")
  (net 131 "Net-(D101-Pad2)")
  (net 132 "Net-(D101-Pad1)")
  (net 133 "Net-(D102-Pad1)")
  (net 134 "Net-(D103-Pad1)")
  (net 135 "Net-(D104-Pad1)")
  (net 136 /b_3)
  (net 137 /A_D3)
  (net 138 /B_D3)
  (net 139 /C_D3)
  (net 140 /D_D3)
  (net 141 VDD)

  (net_class Default "This is the default net class."
    (clearance 0.2)
    (trace_width 0.25)
    (via_dia 0.8)
    (via_drill 0.4)
    (uvia_dia 0.3)
    (uvia_drill 0.1)
    (add_net /A_D1)
    (add_net /A_D2)
    (add_net /A_D3)
    (add_net /B_D1)
    (add_net /B_D2)
    (add_net /B_D3)
    (add_net /C_D1)
    (add_net /C_D2)
    (add_net /C_D3)
    (add_net /D_D1)
    (add_net /D_D2)
    (add_net /D_D3)
    (add_net /a_1)
    (add_net /a_2)
    (add_net /a_3)
    (add_net /b_1)
    (add_net /b_2)
    (add_net /b_3)
    (add_net /c_1)
    (add_net /c_2)
    (add_net /c_3)
    (add_net /d_1)
    (add_net /d_2)
    (add_net /d_3)
    (add_net /e_1)
    (add_net /e_2)
    (add_net /e_3)
    (add_net /f_1)
    (add_net /f_2)
    (add_net /f_3)
    (add_net /g_1)
    (add_net /g_2)
    (add_net /g_3)
    (add_net GND)
    (add_net "Net-(D1-Pad2)")
    (add_net "Net-(D10-Pad1)")
    (add_net "Net-(D10-Pad2)")
    (add_net "Net-(D100-Pad1)")
    (add_net "Net-(D100-Pad2)")
    (add_net "Net-(D101-Pad1)")
    (add_net "Net-(D101-Pad2)")
    (add_net "Net-(D102-Pad1)")
    (add_net "Net-(D103-Pad1)")
    (add_net "Net-(D104-Pad1)")
    (add_net "Net-(D11-Pad1)")
    (add_net "Net-(D11-Pad2)")
    (add_net "Net-(D12-Pad1)")
    (add_net "Net-(D12-Pad2)")
    (add_net "Net-(D13-Pad1)")
    (add_net "Net-(D13-Pad2)")
    (add_net "Net-(D14-Pad1)")
    (add_net "Net-(D14-Pad2)")
    (add_net "Net-(D15-Pad1)")
    (add_net "Net-(D15-Pad2)")
    (add_net "Net-(D16-Pad1)")
    (add_net "Net-(D16-Pad2)")
    (add_net "Net-(D17-Pad2)")
    (add_net "Net-(D18-Pad2)")
    (add_net "Net-(D19-Pad2)")
    (add_net "Net-(D2-Pad2)")
    (add_net "Net-(D20-Pad2)")
    (add_net "Net-(D21-Pad2)")
    (add_net "Net-(D22-Pad2)")
    (add_net "Net-(D23-Pad2)")
    (add_net "Net-(D24-Pad2)")
    (add_net "Net-(D25-Pad2)")
    (add_net "Net-(D26-Pad2)")
    (add_net "Net-(D27-Pad2)")
    (add_net "Net-(D28-Pad2)")
    (add_net "Net-(D29-Pad2)")
    (add_net "Net-(D30-Pad2)")
    (add_net "Net-(D31-Pad2)")
    (add_net "Net-(D32-Pad2)")
    (add_net "Net-(D33-Pad2)")
    (add_net "Net-(D34-Pad2)")
    (add_net "Net-(D35-Pad2)")
    (add_net "Net-(D36-Pad1)")
    (add_net "Net-(D36-Pad2)")
    (add_net "Net-(D37-Pad1)")
    (add_net "Net-(D38-Pad1)")
    (add_net "Net-(D39-Pad1)")
    (add_net "Net-(D41-Pad2)")
    (add_net "Net-(D42-Pad2)")
    (add_net "Net-(D43-Pad2)")
    (add_net "Net-(D44-Pad2)")
    (add_net "Net-(D45-Pad2)")
    (add_net "Net-(D46-Pad2)")
    (add_net "Net-(D47-Pad2)")
    (add_net "Net-(D48-Pad2)")
    (add_net "Net-(D49-Pad1)")
    (add_net "Net-(D49-Pad2)")
    (add_net "Net-(D50-Pad2)")
    (add_net "Net-(D51-Pad1)")
    (add_net "Net-(D52-Pad2)")
    (add_net "Net-(D53-Pad2)")
    (add_net "Net-(D54-Pad1)")
    (add_net "Net-(D55-Pad2)")
    (add_net "Net-(D56-Pad2)")
    (add_net "Net-(D57-Pad2)")
    (add_net "Net-(D58-Pad1)")
    (add_net "Net-(D59-Pad2)")
    (add_net "Net-(D61-Pad2)")
    (add_net "Net-(D62-Pad2)")
    (add_net "Net-(D63-Pad2)")
    (add_net "Net-(D64-Pad2)")
    (add_net "Net-(D65-Pad2)")
    (add_net "Net-(D66-Pad1)")
    (add_net "Net-(D66-Pad2)")
    (add_net "Net-(D67-Pad1)")
    (add_net "Net-(D68-Pad1)")
    (add_net "Net-(D69-Pad1)")
    (add_net "Net-(D71-Pad1)")
    (add_net "Net-(D71-Pad2)")
    (add_net "Net-(D72-Pad1)")
    (add_net "Net-(D73-Pad1)")
    (add_net "Net-(D74-Pad1)")
    (add_net "Net-(D76-Pad2)")
    (add_net "Net-(D77-Pad2)")
    (add_net "Net-(D78-Pad2)")
    (add_net "Net-(D79-Pad2)")
    (add_net "Net-(D80-Pad2)")
    (add_net "Net-(D81-Pad2)")
    (add_net "Net-(D82-Pad2)")
    (add_net "Net-(D83-Pad2)")
    (add_net "Net-(D84-Pad1)")
    (add_net "Net-(D84-Pad2)")
    (add_net "Net-(D85-Pad2)")
    (add_net "Net-(D86-Pad1)")
    (add_net "Net-(D87-Pad2)")
    (add_net "Net-(D88-Pad2)")
    (add_net "Net-(D89-Pad1)")
    (add_net "Net-(D90-Pad2)")
    (add_net "Net-(D91-Pad2)")
    (add_net "Net-(D92-Pad2)")
    (add_net "Net-(D93-Pad1)")
    (add_net "Net-(D94-Pad2)")
    (add_net "Net-(D96-Pad2)")
    (add_net "Net-(D97-Pad2)")
    (add_net "Net-(D98-Pad2)")
    (add_net VCC)
    (add_net VDD)
  )

  (module Connector_PinSocket_2.54mm:PinSocket_1x15_P2.54mm_Vertical (layer F.Cu) (tedit 5A19A41D) (tstamp 5E329FF4)
    (at 170.434 132.588 270)
    (descr "Through hole straight socket strip, 1x15, 2.54mm pitch, single row (from Kicad 4.0.7), script generated")
    (tags "Through hole socket strip THT 1x15 2.54mm single row")
    (path /5FA19284)
    (fp_text reference J1 (at 0 -2.33 90) (layer F.SilkS)
      (effects (font (size 1 1) (thickness 0.15)))
    )
    (fp_text value Control_Board (at 3.048 18.542) (layer F.Fab)
      (effects (font (size 1 1) (thickness 0.15)))
    )
    (fp_text user %R (at 0 17.78) (layer F.Fab)
      (effects (font (size 1 1) (thickness 0.15)))
    )
    (fp_line (start -1.27 -1.27) (end 0.635 -1.27) (layer F.Fab) (width 0.1))
    (fp_line (start 0.635 -1.27) (end 1.27 -0.635) (layer F.Fab) (width 0.1))
    (fp_line (start 1.27 -0.635) (end 1.27 36.83) (layer F.Fab) (width 0.1))
    (fp_line (start 1.27 36.83) (end -1.27 36.83) (layer F.Fab) (width 0.1))
    (fp_line (start -1.27 36.83) (end -1.27 -1.27) (layer F.Fab) (width 0.1))
    (fp_line (start -1.33 1.27) (end 1.33 1.27) (layer F.SilkS) (width 0.12))
    (fp_line (start -1.33 1.27) (end -1.33 36.89) (layer F.SilkS) (width 0.12))
    (fp_line (start -1.33 36.89) (end 1.33 36.89) (layer F.SilkS) (width 0.12))
    (fp_line (start 1.33 1.27) (end 1.33 36.89) (layer F.SilkS) (width 0.12))
    (fp_line (start 1.33 -1.33) (end 1.33 0) (layer F.SilkS) (width 0.12))
    (fp_line (start 0 -1.33) (end 1.33 -1.33) (layer F.SilkS) (width 0.12))
    (fp_line (start -1.8 -1.8) (end 1.75 -1.8) (layer F.CrtYd) (width 0.05))
    (fp_line (start 1.75 -1.8) (end 1.75 37.3) (layer F.CrtYd) (width 0.05))
    (fp_line (start 1.75 37.3) (end -1.8 37.3) (layer F.CrtYd) (width 0.05))
    (fp_line (start -1.8 37.3) (end -1.8 -1.8) (layer F.CrtYd) (width 0.05))
    (pad 15 thru_hole oval (at 0 35.56 270) (size 1.7 1.7) (drill 1) (layers *.Cu *.Mask)
      (net 48 GND))
    (pad 14 thru_hole oval (at 0 33.02 270) (size 1.7 1.7) (drill 1) (layers *.Cu *.Mask)
      (net 43 VCC))
    (pad 13 thru_hole oval (at 0 30.48 270) (size 1.7 1.7) (drill 1) (layers *.Cu *.Mask)
      (net 141 VDD))
    (pad 12 thru_hole oval (at 0 27.94 270) (size 1.7 1.7) (drill 1) (layers *.Cu *.Mask)
      (net 138 /B_D3))
    (pad 11 thru_hole oval (at 0 25.4 270) (size 1.7 1.7) (drill 1) (layers *.Cu *.Mask)
      (net 139 /C_D3))
    (pad 10 thru_hole oval (at 0 22.86 270) (size 1.7 1.7) (drill 1) (layers *.Cu *.Mask)
      (net 140 /D_D3))
    (pad 9 thru_hole oval (at 0 20.32 270) (size 1.7 1.7) (drill 1) (layers *.Cu *.Mask)
      (net 137 /A_D3))
    (pad 8 thru_hole oval (at 0 17.78 270) (size 1.7 1.7) (drill 1) (layers *.Cu *.Mask)
      (net 90 /B_D2))
    (pad 7 thru_hole oval (at 0 15.24 270) (size 1.7 1.7) (drill 1) (layers *.Cu *.Mask)
      (net 92 /C_D2))
    (pad 6 thru_hole oval (at 0 12.7 270) (size 1.7 1.7) (drill 1) (layers *.Cu *.Mask)
      (net 93 /D_D2))
    (pad 5 thru_hole oval (at 0 10.16 270) (size 1.7 1.7) (drill 1) (layers *.Cu *.Mask)
      (net 94 /A_D2))
    (pad 4 thru_hole oval (at 0 7.62 270) (size 1.7 1.7) (drill 1) (layers *.Cu *.Mask)
      (net 44 /B_D1))
    (pad 3 thru_hole oval (at 0 5.08 270) (size 1.7 1.7) (drill 1) (layers *.Cu *.Mask)
      (net 45 /C_D1))
    (pad 2 thru_hole oval (at 0 2.54 270) (size 1.7 1.7) (drill 1) (layers *.Cu *.Mask)
      (net 46 /D_D1))
    (pad 1 thru_hole rect (at 0 0 270) (size 1.7 1.7) (drill 1) (layers *.Cu *.Mask)
      (net 47 /A_D1))
    (model ${KISYS3DMOD}/Connector_PinSocket_2.54mm.3dshapes/PinSocket_1x15_P2.54mm_Vertical.wrl
      (at (xyz 0 0 0))
      (scale (xyz 1 1 1))
      (rotate (xyz 0 0 0))
    )
  )

  (module LED_THT:LED_D5.0mm (layer F.Cu) (tedit 5995936A) (tstamp 5E309D92)
    (at 194.234 100.686 90)
    (descr "LED, diameter 5.0mm, 2 pins, http://cdn-reichelt.de/documents/datenblatt/A500/LL-504BC2E-009.pdf")
    (tags "LED diameter 5.0mm 2 pins")
    (path /5E2E85C5)
    (fp_text reference D1 (at 1.27 -3.96 90) (layer F.SilkS)
      (effects (font (size 1 1) (thickness 0.15)))
    )
    (fp_text value LED (at 1.27 3.96 90) (layer F.Fab)
      (effects (font (size 1 1) (thickness 0.15)))
    )
    (fp_line (start 4.5 -3.25) (end -1.95 -3.25) (layer F.CrtYd) (width 0.05))
    (fp_line (start 4.5 3.25) (end 4.5 -3.25) (layer F.CrtYd) (width 0.05))
    (fp_line (start -1.95 3.25) (end 4.5 3.25) (layer F.CrtYd) (width 0.05))
    (fp_line (start -1.95 -3.25) (end -1.95 3.25) (layer F.CrtYd) (width 0.05))
    (fp_line (start -1.29 -1.545) (end -1.29 1.545) (layer F.SilkS) (width 0.12))
    (fp_line (start -1.23 -1.469694) (end -1.23 1.469694) (layer F.Fab) (width 0.1))
    (fp_circle (center 1.27 0) (end 3.77 0) (layer F.SilkS) (width 0.12))
    (fp_circle (center 1.27 0) (end 3.77 0) (layer F.Fab) (width 0.1))
    (fp_text user %R (at 1.25 0 90) (layer F.Fab)
      (effects (font (size 0.8 0.8) (thickness 0.2)))
    )
    (fp_arc (start 1.27 0) (end -1.29 1.54483) (angle -148.9) (layer F.SilkS) (width 0.12))
    (fp_arc (start 1.27 0) (end -1.29 -1.54483) (angle 148.9) (layer F.SilkS) (width 0.12))
    (fp_arc (start 1.27 0) (end -1.23 -1.469694) (angle 299.1) (layer F.Fab) (width 0.1))
    (pad 2 thru_hole circle (at 2.54 0 90) (size 2 2) (drill 0.9) (layers *.Cu *.Mask)
      (net 1 "Net-(D1-Pad2)"))
    (pad 1 thru_hole rect (at 0 0 90) (size 2 2) (drill 0.9) (layers *.Cu *.Mask)
      (net 2 /e_1))
    (model ${KISYS3DMOD}/LED_THT.3dshapes/LED_D5.0mm.wrl
      (at (xyz 0 0 0))
      (scale (xyz 1 1 1))
      (rotate (xyz 0 0 0))
    )
  )

  (module LED_THT:LED_D5.0mm (layer F.Cu) (tedit 5995936A) (tstamp 5E309DA4)
    (at 226.434 100.736 90)
    (descr "LED, diameter 5.0mm, 2 pins, http://cdn-reichelt.de/documents/datenblatt/A500/LL-504BC2E-009.pdf")
    (tags "LED diameter 5.0mm 2 pins")
    (path /5E2E644F)
    (fp_text reference D2 (at 1.27 -3.96 90) (layer F.SilkS)
      (effects (font (size 1 1) (thickness 0.15)))
    )
    (fp_text value LED (at 1.27 3.96 90) (layer F.Fab)
      (effects (font (size 1 1) (thickness 0.15)))
    )
    (fp_line (start 4.5 -3.25) (end -1.95 -3.25) (layer F.CrtYd) (width 0.05))
    (fp_line (start 4.5 3.25) (end 4.5 -3.25) (layer F.CrtYd) (width 0.05))
    (fp_line (start -1.95 3.25) (end 4.5 3.25) (layer F.CrtYd) (width 0.05))
    (fp_line (start -1.95 -3.25) (end -1.95 3.25) (layer F.CrtYd) (width 0.05))
    (fp_line (start -1.29 -1.545) (end -1.29 1.545) (layer F.SilkS) (width 0.12))
    (fp_line (start -1.23 -1.469694) (end -1.23 1.469694) (layer F.Fab) (width 0.1))
    (fp_circle (center 1.27 0) (end 3.77 0) (layer F.SilkS) (width 0.12))
    (fp_circle (center 1.27 0) (end 3.77 0) (layer F.Fab) (width 0.1))
    (fp_text user %R (at 1.25 0 90) (layer F.Fab)
      (effects (font (size 0.8 0.8) (thickness 0.2)))
    )
    (fp_arc (start 1.27 0) (end -1.29 1.54483) (angle -148.9) (layer F.SilkS) (width 0.12))
    (fp_arc (start 1.27 0) (end -1.29 -1.54483) (angle 148.9) (layer F.SilkS) (width 0.12))
    (fp_arc (start 1.27 0) (end -1.23 -1.469694) (angle 299.1) (layer F.Fab) (width 0.1))
    (pad 2 thru_hole circle (at 2.54 0 90) (size 2 2) (drill 0.9) (layers *.Cu *.Mask)
      (net 3 "Net-(D2-Pad2)"))
    (pad 1 thru_hole rect (at 0 0 90) (size 2 2) (drill 0.9) (layers *.Cu *.Mask)
      (net 4 /c_1))
    (model ${KISYS3DMOD}/LED_THT.3dshapes/LED_D5.0mm.wrl
      (at (xyz 0 0 0))
      (scale (xyz 1 1 1))
      (rotate (xyz 0 0 0))
    )
  )

  (module LED_THT:LED_D5.0mm (layer F.Cu) (tedit 5995936A) (tstamp 5E309DB6)
    (at 223.04 104.892 180)
    (descr "LED, diameter 5.0mm, 2 pins, http://cdn-reichelt.de/documents/datenblatt/A500/LL-504BC2E-009.pdf")
    (tags "LED diameter 5.0mm 2 pins")
    (path /5E2E6DDA)
    (fp_text reference D3 (at 1.27 -3.96) (layer F.SilkS)
      (effects (font (size 1 1) (thickness 0.15)))
    )
    (fp_text value LED (at 1.27 3.96) (layer F.Fab)
      (effects (font (size 1 1) (thickness 0.15)))
    )
    (fp_circle (center 1.27 0) (end 3.77 0) (layer F.Fab) (width 0.1))
    (fp_circle (center 1.27 0) (end 3.77 0) (layer F.SilkS) (width 0.12))
    (fp_line (start -1.23 -1.469694) (end -1.23 1.469694) (layer F.Fab) (width 0.1))
    (fp_line (start -1.29 -1.545) (end -1.29 1.545) (layer F.SilkS) (width 0.12))
    (fp_line (start -1.95 -3.25) (end -1.95 3.25) (layer F.CrtYd) (width 0.05))
    (fp_line (start -1.95 3.25) (end 4.5 3.25) (layer F.CrtYd) (width 0.05))
    (fp_line (start 4.5 3.25) (end 4.5 -3.25) (layer F.CrtYd) (width 0.05))
    (fp_line (start 4.5 -3.25) (end -1.95 -3.25) (layer F.CrtYd) (width 0.05))
    (fp_arc (start 1.27 0) (end -1.23 -1.469694) (angle 299.1) (layer F.Fab) (width 0.1))
    (fp_arc (start 1.27 0) (end -1.29 -1.54483) (angle 148.9) (layer F.SilkS) (width 0.12))
    (fp_arc (start 1.27 0) (end -1.29 1.54483) (angle -148.9) (layer F.SilkS) (width 0.12))
    (fp_text user %R (at 1.25 0) (layer F.Fab)
      (effects (font (size 0.8 0.8) (thickness 0.2)))
    )
    (pad 1 thru_hole rect (at 0 0 180) (size 2 2) (drill 0.9) (layers *.Cu *.Mask)
      (net 5 /d_1))
    (pad 2 thru_hole circle (at 2.54 0 180) (size 2 2) (drill 0.9) (layers *.Cu *.Mask)
      (net 6 "Net-(D10-Pad1)"))
    (model ${KISYS3DMOD}/LED_THT.3dshapes/LED_D5.0mm.wrl
      (at (xyz 0 0 0))
      (scale (xyz 1 1 1))
      (rotate (xyz 0 0 0))
    )
  )

  (module LED_THT:LED_D5.0mm (layer F.Cu) (tedit 5E318E38) (tstamp 5E309DC8)
    (at 193.998 40.904 270)
    (descr "LED, diameter 5.0mm, 2 pins, http://cdn-reichelt.de/documents/datenblatt/A500/LL-504BC2E-009.pdf")
    (tags "LED diameter 5.0mm 2 pins")
    (path /5E2E53CC)
    (fp_text reference D4 (at 1.27 -3.96 90) (layer F.SilkS)
      (effects (font (size 1 1) (thickness 0.15)))
    )
    (fp_text value LED (at 1.27 3.96 90) (layer F.Fab)
      (effects (font (size 1 1) (thickness 0.15)))
    )
    (fp_circle (center 1.27 0) (end 3.77 0) (layer F.Fab) (width 0.1))
    (fp_circle (center 1.27 0) (end 3.77 0) (layer F.SilkS) (width 0.12))
    (fp_line (start -1.23 -1.469694) (end -1.23 1.469694) (layer F.Fab) (width 0.1))
    (fp_line (start -1.29 -1.545) (end -1.29 1.545) (layer F.SilkS) (width 0.12))
    (fp_line (start -1.95 -3.25) (end -1.95 3.25) (layer F.CrtYd) (width 0.05))
    (fp_line (start -1.95 3.25) (end 4.5 3.25) (layer F.CrtYd) (width 0.05))
    (fp_line (start 4.5 3.25) (end 4.5 -3.25) (layer F.CrtYd) (width 0.05))
    (fp_line (start 4.5 -3.25) (end -1.95 -3.25) (layer F.CrtYd) (width 0.05))
    (fp_arc (start 1.27 0) (end -1.23 -1.469694) (angle 299.1) (layer F.Fab) (width 0.1))
    (fp_arc (start 1.27 0) (end -1.29 -1.54483) (angle 148.9) (layer F.SilkS) (width 0.12))
    (fp_arc (start 1.27 0) (end -1.29 1.54483) (angle -148.9) (layer F.SilkS) (width 0.12))
    (fp_text user %R (at 1.25 0 90) (layer F.Fab)
      (effects (font (size 0.8 0.8) (thickness 0.2)))
    )
    (pad 1 thru_hole rect (at 0 0 270) (size 2 2) (drill 0.9) (layers *.Cu *.Mask)
      (net 7 /f_1))
    (pad 2 thru_hole circle (at 2.54 0 270) (size 2 2) (drill 0.9) (layers *.Cu *.Mask)
      (net 8 "Net-(D11-Pad1)"))
    (model ${KISYS3DMOD}/LED_THT.3dshapes/LED_D5.0mm.wrl
      (at (xyz 0 0 0))
      (scale (xyz 1 1 1))
      (rotate (xyz 0 0 0))
    )
  )

  (module LED_THT:LED_D5.0mm (layer F.Cu) (tedit 5E318E0A) (tstamp 5E309DDA)
    (at 226.334 40.706 270)
    (descr "LED, diameter 5.0mm, 2 pins, http://cdn-reichelt.de/documents/datenblatt/A500/LL-504BC2E-009.pdf")
    (tags "LED diameter 5.0mm 2 pins")
    (path /5E2E7954)
    (fp_text reference D5 (at 1.27 -3.96 90) (layer F.SilkS)
      (effects (font (size 1 1) (thickness 0.15)))
    )
    (fp_text value LED (at 1.27 3.96 90) (layer F.Fab)
      (effects (font (size 1 1) (thickness 0.15)))
    )
    (fp_line (start 4.5 -3.25) (end -1.95 -3.25) (layer F.CrtYd) (width 0.05))
    (fp_line (start 4.5 3.25) (end 4.5 -3.25) (layer F.CrtYd) (width 0.05))
    (fp_line (start -1.95 3.25) (end 4.5 3.25) (layer F.CrtYd) (width 0.05))
    (fp_line (start -1.95 -3.25) (end -1.95 3.25) (layer F.CrtYd) (width 0.05))
    (fp_line (start -1.29 -1.545) (end -1.29 1.545) (layer F.SilkS) (width 0.12))
    (fp_line (start -1.23 -1.469694) (end -1.23 1.469694) (layer F.Fab) (width 0.1))
    (fp_circle (center 1.27 0) (end 3.77 0) (layer F.SilkS) (width 0.12))
    (fp_circle (center 1.27 0) (end 3.77 0) (layer F.Fab) (width 0.1))
    (fp_text user %R (at 1.25 0 90) (layer F.Fab)
      (effects (font (size 0.8 0.8) (thickness 0.2)))
    )
    (fp_arc (start 1.27 0) (end -1.29 1.54483) (angle -148.9) (layer F.SilkS) (width 0.12))
    (fp_arc (start 1.27 0) (end -1.29 -1.54483) (angle 148.9) (layer F.SilkS) (width 0.12))
    (fp_arc (start 1.27 0) (end -1.23 -1.469694) (angle 299.1) (layer F.Fab) (width 0.1))
    (pad 2 thru_hole circle (at 2.54 0 270) (size 2 2) (drill 0.9) (layers *.Cu *.Mask)
      (net 9 "Net-(D12-Pad1)"))
    (pad 1 thru_hole rect (at 0 0 270) (size 2 2) (drill 0.9) (layers *.Cu *.Mask)
      (net 10 /b_1))
    (model ${KISYS3DMOD}/LED_THT.3dshapes/LED_D5.0mm.wrl
      (at (xyz 0 0 0))
      (scale (xyz 1 1 1))
      (rotate (xyz 0 0 0))
    )
  )

  (module LED_THT:LED_D5.0mm (layer F.Cu) (tedit 5995936A) (tstamp 5E30B0EE)
    (at 223.284 70.68 180)
    (descr "LED, diameter 5.0mm, 2 pins, http://cdn-reichelt.de/documents/datenblatt/A500/LL-504BC2E-009.pdf")
    (tags "LED diameter 5.0mm 2 pins")
    (path /5E2C948B)
    (fp_text reference D6 (at 1.27 -3.96) (layer F.SilkS)
      (effects (font (size 1 1) (thickness 0.15)))
    )
    (fp_text value LED (at 1.27 3.96) (layer F.Fab)
      (effects (font (size 1 1) (thickness 0.15)))
    )
    (fp_line (start 4.5 -3.25) (end -1.95 -3.25) (layer F.CrtYd) (width 0.05))
    (fp_line (start 4.5 3.25) (end 4.5 -3.25) (layer F.CrtYd) (width 0.05))
    (fp_line (start -1.95 3.25) (end 4.5 3.25) (layer F.CrtYd) (width 0.05))
    (fp_line (start -1.95 -3.25) (end -1.95 3.25) (layer F.CrtYd) (width 0.05))
    (fp_line (start -1.29 -1.545) (end -1.29 1.545) (layer F.SilkS) (width 0.12))
    (fp_line (start -1.23 -1.469694) (end -1.23 1.469694) (layer F.Fab) (width 0.1))
    (fp_circle (center 1.27 0) (end 3.77 0) (layer F.SilkS) (width 0.12))
    (fp_circle (center 1.27 0) (end 3.77 0) (layer F.Fab) (width 0.1))
    (fp_text user %R (at 1.25 0) (layer F.Fab)
      (effects (font (size 0.8 0.8) (thickness 0.2)))
    )
    (fp_arc (start 1.27 0) (end -1.29 1.54483) (angle -148.9) (layer F.SilkS) (width 0.12))
    (fp_arc (start 1.27 0) (end -1.29 -1.54483) (angle 148.9) (layer F.SilkS) (width 0.12))
    (fp_arc (start 1.27 0) (end -1.23 -1.469694) (angle 299.1) (layer F.Fab) (width 0.1))
    (pad 2 thru_hole circle (at 2.54 0 180) (size 2 2) (drill 0.9) (layers *.Cu *.Mask)
      (net 11 "Net-(D13-Pad1)"))
    (pad 1 thru_hole rect (at 0 0 180) (size 2 2) (drill 0.9) (layers *.Cu *.Mask)
      (net 12 /g_1))
    (model ${KISYS3DMOD}/LED_THT.3dshapes/LED_D5.0mm.wrl
      (at (xyz 0 0 0))
      (scale (xyz 1 1 1))
      (rotate (xyz 0 0 0))
    )
  )

  (module LED_THT:LED_D5.0mm (layer F.Cu) (tedit 5995936A) (tstamp 5E309DFE)
    (at 223.188 37.504 180)
    (descr "LED, diameter 5.0mm, 2 pins, http://cdn-reichelt.de/documents/datenblatt/A500/LL-504BC2E-009.pdf")
    (tags "LED diameter 5.0mm 2 pins")
    (path /5E2E9808)
    (fp_text reference D7 (at 1.27 -3.96) (layer F.SilkS)
      (effects (font (size 1 1) (thickness 0.15)))
    )
    (fp_text value LED (at 1.27 3.96) (layer F.Fab)
      (effects (font (size 1 1) (thickness 0.15)))
    )
    (fp_line (start 4.5 -3.25) (end -1.95 -3.25) (layer F.CrtYd) (width 0.05))
    (fp_line (start 4.5 3.25) (end 4.5 -3.25) (layer F.CrtYd) (width 0.05))
    (fp_line (start -1.95 3.25) (end 4.5 3.25) (layer F.CrtYd) (width 0.05))
    (fp_line (start -1.95 -3.25) (end -1.95 3.25) (layer F.CrtYd) (width 0.05))
    (fp_line (start -1.29 -1.545) (end -1.29 1.545) (layer F.SilkS) (width 0.12))
    (fp_line (start -1.23 -1.469694) (end -1.23 1.469694) (layer F.Fab) (width 0.1))
    (fp_circle (center 1.27 0) (end 3.77 0) (layer F.SilkS) (width 0.12))
    (fp_circle (center 1.27 0) (end 3.77 0) (layer F.Fab) (width 0.1))
    (fp_text user %R (at 1.25 0) (layer F.Fab)
      (effects (font (size 0.8 0.8) (thickness 0.2)))
    )
    (fp_arc (start 1.27 0) (end -1.29 1.54483) (angle -148.9) (layer F.SilkS) (width 0.12))
    (fp_arc (start 1.27 0) (end -1.29 -1.54483) (angle 148.9) (layer F.SilkS) (width 0.12))
    (fp_arc (start 1.27 0) (end -1.23 -1.469694) (angle 299.1) (layer F.Fab) (width 0.1))
    (pad 2 thru_hole circle (at 2.54 0 180) (size 2 2) (drill 0.9) (layers *.Cu *.Mask)
      (net 13 "Net-(D14-Pad1)"))
    (pad 1 thru_hole rect (at 0 0 180) (size 2 2) (drill 0.9) (layers *.Cu *.Mask)
      (net 14 /a_1))
    (model ${KISYS3DMOD}/LED_THT.3dshapes/LED_D5.0mm.wrl
      (at (xyz 0 0 0))
      (scale (xyz 1 1 1))
      (rotate (xyz 0 0 0))
    )
  )

  (module LED_THT:LED_D5.0mm (layer F.Cu) (tedit 5995936A) (tstamp 5E309E10)
    (at 194.234 94.938 90)
    (descr "LED, diameter 5.0mm, 2 pins, http://cdn-reichelt.de/documents/datenblatt/A500/LL-504BC2E-009.pdf")
    (tags "LED diameter 5.0mm 2 pins")
    (path /5E2E85D8)
    (fp_text reference D8 (at 1.27 -3.96 90) (layer F.SilkS)
      (effects (font (size 1 1) (thickness 0.15)))
    )
    (fp_text value LED (at 1.27 3.96 90) (layer F.Fab)
      (effects (font (size 1 1) (thickness 0.15)))
    )
    (fp_circle (center 1.27 0) (end 3.77 0) (layer F.Fab) (width 0.1))
    (fp_circle (center 1.27 0) (end 3.77 0) (layer F.SilkS) (width 0.12))
    (fp_line (start -1.23 -1.469694) (end -1.23 1.469694) (layer F.Fab) (width 0.1))
    (fp_line (start -1.29 -1.545) (end -1.29 1.545) (layer F.SilkS) (width 0.12))
    (fp_line (start -1.95 -3.25) (end -1.95 3.25) (layer F.CrtYd) (width 0.05))
    (fp_line (start -1.95 3.25) (end 4.5 3.25) (layer F.CrtYd) (width 0.05))
    (fp_line (start 4.5 3.25) (end 4.5 -3.25) (layer F.CrtYd) (width 0.05))
    (fp_line (start 4.5 -3.25) (end -1.95 -3.25) (layer F.CrtYd) (width 0.05))
    (fp_arc (start 1.27 0) (end -1.23 -1.469694) (angle 299.1) (layer F.Fab) (width 0.1))
    (fp_arc (start 1.27 0) (end -1.29 -1.54483) (angle 148.9) (layer F.SilkS) (width 0.12))
    (fp_arc (start 1.27 0) (end -1.29 1.54483) (angle -148.9) (layer F.SilkS) (width 0.12))
    (fp_text user %R (at 1.25 0 90) (layer F.Fab)
      (effects (font (size 0.8 0.8) (thickness 0.2)))
    )
    (pad 1 thru_hole rect (at 0 0 90) (size 2 2) (drill 0.9) (layers *.Cu *.Mask)
      (net 1 "Net-(D1-Pad2)"))
    (pad 2 thru_hole circle (at 2.54 0 90) (size 2 2) (drill 0.9) (layers *.Cu *.Mask)
      (net 15 "Net-(D15-Pad1)"))
    (model ${KISYS3DMOD}/LED_THT.3dshapes/LED_D5.0mm.wrl
      (at (xyz 0 0 0))
      (scale (xyz 1 1 1))
      (rotate (xyz 0 0 0))
    )
  )

  (module LED_THT:LED_D5.0mm (layer F.Cu) (tedit 5995936A) (tstamp 5E309E22)
    (at 226.444 94.978 90)
    (descr "LED, diameter 5.0mm, 2 pins, http://cdn-reichelt.de/documents/datenblatt/A500/LL-504BC2E-009.pdf")
    (tags "LED diameter 5.0mm 2 pins")
    (path /5E2E6462)
    (fp_text reference D9 (at 1.27 -3.96 90) (layer F.SilkS)
      (effects (font (size 1 1) (thickness 0.15)))
    )
    (fp_text value LED (at 1.27 3.96 90) (layer F.Fab)
      (effects (font (size 1 1) (thickness 0.15)))
    )
    (fp_circle (center 1.27 0) (end 3.77 0) (layer F.Fab) (width 0.1))
    (fp_circle (center 1.27 0) (end 3.77 0) (layer F.SilkS) (width 0.12))
    (fp_line (start -1.23 -1.469694) (end -1.23 1.469694) (layer F.Fab) (width 0.1))
    (fp_line (start -1.29 -1.545) (end -1.29 1.545) (layer F.SilkS) (width 0.12))
    (fp_line (start -1.95 -3.25) (end -1.95 3.25) (layer F.CrtYd) (width 0.05))
    (fp_line (start -1.95 3.25) (end 4.5 3.25) (layer F.CrtYd) (width 0.05))
    (fp_line (start 4.5 3.25) (end 4.5 -3.25) (layer F.CrtYd) (width 0.05))
    (fp_line (start 4.5 -3.25) (end -1.95 -3.25) (layer F.CrtYd) (width 0.05))
    (fp_arc (start 1.27 0) (end -1.23 -1.469694) (angle 299.1) (layer F.Fab) (width 0.1))
    (fp_arc (start 1.27 0) (end -1.29 -1.54483) (angle 148.9) (layer F.SilkS) (width 0.12))
    (fp_arc (start 1.27 0) (end -1.29 1.54483) (angle -148.9) (layer F.SilkS) (width 0.12))
    (fp_text user %R (at 1.25 0 90) (layer F.Fab)
      (effects (font (size 0.8 0.8) (thickness 0.2)))
    )
    (pad 1 thru_hole rect (at 0 0 90) (size 2 2) (drill 0.9) (layers *.Cu *.Mask)
      (net 3 "Net-(D2-Pad2)"))
    (pad 2 thru_hole circle (at 2.54 0 90) (size 2 2) (drill 0.9) (layers *.Cu *.Mask)
      (net 16 "Net-(D16-Pad1)"))
    (model ${KISYS3DMOD}/LED_THT.3dshapes/LED_D5.0mm.wrl
      (at (xyz 0 0 0))
      (scale (xyz 1 1 1))
      (rotate (xyz 0 0 0))
    )
  )

  (module LED_THT:LED_D5.0mm (layer F.Cu) (tedit 5995936A) (tstamp 5E309E34)
    (at 217.2 104.892 180)
    (descr "LED, diameter 5.0mm, 2 pins, http://cdn-reichelt.de/documents/datenblatt/A500/LL-504BC2E-009.pdf")
    (tags "LED diameter 5.0mm 2 pins")
    (path /5E2E6DED)
    (fp_text reference D10 (at 1.27 -3.96) (layer F.SilkS)
      (effects (font (size 1 1) (thickness 0.15)))
    )
    (fp_text value LED (at 1.27 3.96) (layer F.Fab)
      (effects (font (size 1 1) (thickness 0.15)))
    )
    (fp_circle (center 1.27 0) (end 3.77 0) (layer F.Fab) (width 0.1))
    (fp_circle (center 1.27 0) (end 3.77 0) (layer F.SilkS) (width 0.12))
    (fp_line (start -1.23 -1.469694) (end -1.23 1.469694) (layer F.Fab) (width 0.1))
    (fp_line (start -1.29 -1.545) (end -1.29 1.545) (layer F.SilkS) (width 0.12))
    (fp_line (start -1.95 -3.25) (end -1.95 3.25) (layer F.CrtYd) (width 0.05))
    (fp_line (start -1.95 3.25) (end 4.5 3.25) (layer F.CrtYd) (width 0.05))
    (fp_line (start 4.5 3.25) (end 4.5 -3.25) (layer F.CrtYd) (width 0.05))
    (fp_line (start 4.5 -3.25) (end -1.95 -3.25) (layer F.CrtYd) (width 0.05))
    (fp_arc (start 1.27 0) (end -1.23 -1.469694) (angle 299.1) (layer F.Fab) (width 0.1))
    (fp_arc (start 1.27 0) (end -1.29 -1.54483) (angle 148.9) (layer F.SilkS) (width 0.12))
    (fp_arc (start 1.27 0) (end -1.29 1.54483) (angle -148.9) (layer F.SilkS) (width 0.12))
    (fp_text user %R (at 1.25 0) (layer F.Fab)
      (effects (font (size 0.8 0.8) (thickness 0.2)))
    )
    (pad 1 thru_hole rect (at 0 0 180) (size 2 2) (drill 0.9) (layers *.Cu *.Mask)
      (net 6 "Net-(D10-Pad1)"))
    (pad 2 thru_hole circle (at 2.54 0 180) (size 2 2) (drill 0.9) (layers *.Cu *.Mask)
      (net 17 "Net-(D10-Pad2)"))
    (model ${KISYS3DMOD}/LED_THT.3dshapes/LED_D5.0mm.wrl
      (at (xyz 0 0 0))
      (scale (xyz 1 1 1))
      (rotate (xyz 0 0 0))
    )
  )

  (module LED_THT:LED_D5.0mm (layer F.Cu) (tedit 5995936A) (tstamp 5E30AD4D)
    (at 194.018 46.714 270)
    (descr "LED, diameter 5.0mm, 2 pins, http://cdn-reichelt.de/documents/datenblatt/A500/LL-504BC2E-009.pdf")
    (tags "LED diameter 5.0mm 2 pins")
    (path /5E2E53DF)
    (fp_text reference D11 (at 1.27 -3.96 90) (layer F.SilkS)
      (effects (font (size 1 1) (thickness 0.15)))
    )
    (fp_text value LED (at 1.27 3.96 90) (layer F.Fab)
      (effects (font (size 1 1) (thickness 0.15)))
    )
    (fp_circle (center 1.27 0) (end 3.77 0) (layer F.Fab) (width 0.1))
    (fp_circle (center 1.27 0) (end 3.77 0) (layer F.SilkS) (width 0.12))
    (fp_line (start -1.23 -1.469694) (end -1.23 1.469694) (layer F.Fab) (width 0.1))
    (fp_line (start -1.29 -1.545) (end -1.29 1.545) (layer F.SilkS) (width 0.12))
    (fp_line (start -1.95 -3.25) (end -1.95 3.25) (layer F.CrtYd) (width 0.05))
    (fp_line (start -1.95 3.25) (end 4.5 3.25) (layer F.CrtYd) (width 0.05))
    (fp_line (start 4.5 3.25) (end 4.5 -3.25) (layer F.CrtYd) (width 0.05))
    (fp_line (start 4.5 -3.25) (end -1.95 -3.25) (layer F.CrtYd) (width 0.05))
    (fp_arc (start 1.27 0) (end -1.23 -1.469694) (angle 299.1) (layer F.Fab) (width 0.1))
    (fp_arc (start 1.27 0) (end -1.29 -1.54483) (angle 148.9) (layer F.SilkS) (width 0.12))
    (fp_arc (start 1.27 0) (end -1.29 1.54483) (angle -148.9) (layer F.SilkS) (width 0.12))
    (fp_text user %R (at 1.25 0 90) (layer F.Fab)
      (effects (font (size 0.8 0.8) (thickness 0.2)))
    )
    (pad 1 thru_hole rect (at 0 0 270) (size 2 2) (drill 0.9) (layers *.Cu *.Mask)
      (net 8 "Net-(D11-Pad1)"))
    (pad 2 thru_hole circle (at 2.54 0 270) (size 2 2) (drill 0.9) (layers *.Cu *.Mask)
      (net 18 "Net-(D11-Pad2)"))
    (model ${KISYS3DMOD}/LED_THT.3dshapes/LED_D5.0mm.wrl
      (at (xyz 0 0 0))
      (scale (xyz 1 1 1))
      (rotate (xyz 0 0 0))
    )
  )

  (module LED_THT:LED_D5.0mm (layer F.Cu) (tedit 5995936A) (tstamp 5E309E58)
    (at 226.334 46.526 270)
    (descr "LED, diameter 5.0mm, 2 pins, http://cdn-reichelt.de/documents/datenblatt/A500/LL-504BC2E-009.pdf")
    (tags "LED diameter 5.0mm 2 pins")
    (path /5E2E7967)
    (fp_text reference D12 (at 1.27 -3.96 90) (layer F.SilkS)
      (effects (font (size 1 1) (thickness 0.15)))
    )
    (fp_text value LED (at 1.27 3.96 90) (layer F.Fab)
      (effects (font (size 1 1) (thickness 0.15)))
    )
    (fp_line (start 4.5 -3.25) (end -1.95 -3.25) (layer F.CrtYd) (width 0.05))
    (fp_line (start 4.5 3.25) (end 4.5 -3.25) (layer F.CrtYd) (width 0.05))
    (fp_line (start -1.95 3.25) (end 4.5 3.25) (layer F.CrtYd) (width 0.05))
    (fp_line (start -1.95 -3.25) (end -1.95 3.25) (layer F.CrtYd) (width 0.05))
    (fp_line (start -1.29 -1.545) (end -1.29 1.545) (layer F.SilkS) (width 0.12))
    (fp_line (start -1.23 -1.469694) (end -1.23 1.469694) (layer F.Fab) (width 0.1))
    (fp_circle (center 1.27 0) (end 3.77 0) (layer F.SilkS) (width 0.12))
    (fp_circle (center 1.27 0) (end 3.77 0) (layer F.Fab) (width 0.1))
    (fp_text user %R (at 1.25 0 90) (layer F.Fab)
      (effects (font (size 0.8 0.8) (thickness 0.2)))
    )
    (fp_arc (start 1.27 0) (end -1.29 1.54483) (angle -148.9) (layer F.SilkS) (width 0.12))
    (fp_arc (start 1.27 0) (end -1.29 -1.54483) (angle 148.9) (layer F.SilkS) (width 0.12))
    (fp_arc (start 1.27 0) (end -1.23 -1.469694) (angle 299.1) (layer F.Fab) (width 0.1))
    (pad 2 thru_hole circle (at 2.54 0 270) (size 2 2) (drill 0.9) (layers *.Cu *.Mask)
      (net 19 "Net-(D12-Pad2)"))
    (pad 1 thru_hole rect (at 0 0 270) (size 2 2) (drill 0.9) (layers *.Cu *.Mask)
      (net 9 "Net-(D12-Pad1)"))
    (model ${KISYS3DMOD}/LED_THT.3dshapes/LED_D5.0mm.wrl
      (at (xyz 0 0 0))
      (scale (xyz 1 1 1))
      (rotate (xyz 0 0 0))
    )
  )

  (module LED_THT:LED_D5.0mm (layer F.Cu) (tedit 5995936A) (tstamp 5E309E6A)
    (at 217.29 70.668 180)
    (descr "LED, diameter 5.0mm, 2 pins, http://cdn-reichelt.de/documents/datenblatt/A500/LL-504BC2E-009.pdf")
    (tags "LED diameter 5.0mm 2 pins")
    (path /5E2C91EE)
    (fp_text reference D13 (at 1.27 -3.96) (layer F.SilkS)
      (effects (font (size 1 1) (thickness 0.15)))
    )
    (fp_text value LED (at 1.27 3.96) (layer F.Fab)
      (effects (font (size 1 1) (thickness 0.15)))
    )
    (fp_circle (center 1.27 0) (end 3.77 0) (layer F.Fab) (width 0.1))
    (fp_circle (center 1.27 0) (end 3.77 0) (layer F.SilkS) (width 0.12))
    (fp_line (start -1.23 -1.469694) (end -1.23 1.469694) (layer F.Fab) (width 0.1))
    (fp_line (start -1.29 -1.545) (end -1.29 1.545) (layer F.SilkS) (width 0.12))
    (fp_line (start -1.95 -3.25) (end -1.95 3.25) (layer F.CrtYd) (width 0.05))
    (fp_line (start -1.95 3.25) (end 4.5 3.25) (layer F.CrtYd) (width 0.05))
    (fp_line (start 4.5 3.25) (end 4.5 -3.25) (layer F.CrtYd) (width 0.05))
    (fp_line (start 4.5 -3.25) (end -1.95 -3.25) (layer F.CrtYd) (width 0.05))
    (fp_arc (start 1.27 0) (end -1.23 -1.469694) (angle 299.1) (layer F.Fab) (width 0.1))
    (fp_arc (start 1.27 0) (end -1.29 -1.54483) (angle 148.9) (layer F.SilkS) (width 0.12))
    (fp_arc (start 1.27 0) (end -1.29 1.54483) (angle -148.9) (layer F.SilkS) (width 0.12))
    (fp_text user %R (at 1.25 0) (layer F.Fab)
      (effects (font (size 0.8 0.8) (thickness 0.2)))
    )
    (pad 1 thru_hole rect (at 0 0 180) (size 2 2) (drill 0.9) (layers *.Cu *.Mask)
      (net 11 "Net-(D13-Pad1)"))
    (pad 2 thru_hole circle (at 2.54 0 180) (size 2 2) (drill 0.9) (layers *.Cu *.Mask)
      (net 20 "Net-(D13-Pad2)"))
    (model ${KISYS3DMOD}/LED_THT.3dshapes/LED_D5.0mm.wrl
      (at (xyz 0 0 0))
      (scale (xyz 1 1 1))
      (rotate (xyz 0 0 0))
    )
  )

  (module LED_THT:LED_D5.0mm (layer F.Cu) (tedit 5995936A) (tstamp 5E309E7C)
    (at 217.368 37.494 180)
    (descr "LED, diameter 5.0mm, 2 pins, http://cdn-reichelt.de/documents/datenblatt/A500/LL-504BC2E-009.pdf")
    (tags "LED diameter 5.0mm 2 pins")
    (path /5E2E981B)
    (fp_text reference D14 (at 1.27 -3.96) (layer F.SilkS)
      (effects (font (size 1 1) (thickness 0.15)))
    )
    (fp_text value LED (at 1.27 3.96) (layer F.Fab)
      (effects (font (size 1 1) (thickness 0.15)))
    )
    (fp_line (start 4.5 -3.25) (end -1.95 -3.25) (layer F.CrtYd) (width 0.05))
    (fp_line (start 4.5 3.25) (end 4.5 -3.25) (layer F.CrtYd) (width 0.05))
    (fp_line (start -1.95 3.25) (end 4.5 3.25) (layer F.CrtYd) (width 0.05))
    (fp_line (start -1.95 -3.25) (end -1.95 3.25) (layer F.CrtYd) (width 0.05))
    (fp_line (start -1.29 -1.545) (end -1.29 1.545) (layer F.SilkS) (width 0.12))
    (fp_line (start -1.23 -1.469694) (end -1.23 1.469694) (layer F.Fab) (width 0.1))
    (fp_circle (center 1.27 0) (end 3.77 0) (layer F.SilkS) (width 0.12))
    (fp_circle (center 1.27 0) (end 3.77 0) (layer F.Fab) (width 0.1))
    (fp_text user %R (at 1.25 0) (layer F.Fab)
      (effects (font (size 0.8 0.8) (thickness 0.2)))
    )
    (fp_arc (start 1.27 0) (end -1.29 1.54483) (angle -148.9) (layer F.SilkS) (width 0.12))
    (fp_arc (start 1.27 0) (end -1.29 -1.54483) (angle 148.9) (layer F.SilkS) (width 0.12))
    (fp_arc (start 1.27 0) (end -1.23 -1.469694) (angle 299.1) (layer F.Fab) (width 0.1))
    (pad 2 thru_hole circle (at 2.54 0 180) (size 2 2) (drill 0.9) (layers *.Cu *.Mask)
      (net 21 "Net-(D14-Pad2)"))
    (pad 1 thru_hole rect (at 0 0 180) (size 2 2) (drill 0.9) (layers *.Cu *.Mask)
      (net 13 "Net-(D14-Pad1)"))
    (model ${KISYS3DMOD}/LED_THT.3dshapes/LED_D5.0mm.wrl
      (at (xyz 0 0 0))
      (scale (xyz 1 1 1))
      (rotate (xyz 0 0 0))
    )
  )

